Specific absorption coefficients [m2 mg-1] of eight phytoplankton types from the supplemental data of [1] and [2].

    Group N	a_phy	bb_phy
    C_0	Diatoms (6 spectra from Lomas et al 2024; coastal species: Thalassiosira nordenskioeldi, Thalassiosira guilardi, Rhizoselenia setigera, Chaetoceros diadem, Chaetoceros socialis)	Diatoms -> cp Brown group Bi et al 2023
    C_1	Green (Bi et al 2023)	Green Bi et al 2023
    C_2	Cryptophytes (2 spectra from Lomas et al 2024; Rhodomonas salina)	cp from Cryptophyte Bi et al 2023
    C_3	Synecochoccus bacillaris (2 spectra Lomas et al 2024) -> Cyano blue	cp from Cyano_blue Bi et al 2023
    C_4	Synecochoccus  sp (2 spectra Lomas et al 2024) -> Cyano red	cp from Cyano_red Bi et al 2023
    C_5	Coccolithophore (6 spectra Lomas et al 2024; Emiliania huxleyi)	cp from Coccolithophore Bi et al 2023
    C_6	Dinoflagellates (5 spectra from Lomas et al 2024; coastal species: Prorocentrum minimum, Karenia brevis, Prorocentrum lima)	Dinoflagellate -> cp Brown group Bi et al 2023
    C_7	case_1 (2 spectra Lomas et al 2024; Prochlorococcus marinus)	cp from Case-1 Bi et al 2023
    
    [1] Bi et al. (2023): Bio-geo-optical modelling of natural waters [10.3389/fmars.2023.1196352]
    [2] Lomas et al (2024): Phytoplankton optical fingerprint libraries for development of phytoplankton
    ocean color satellite products. Sci Data 11, 168 (2024). https://doi.org/10.1038/s41597-024-03001-z
    
wavelength_nm,Diatoms,Green,Cryptophytes,Cyano_blue,Cyano_red,Coccolithophore,Dinoflagellates,Case-1
400.0,0.0309439441718962,0.024218179,0.0268686361750858,0.0279231227522943,0.0401426618703694,0.0378882360072031,0.0254521492880979,0.0277265387419041
402.0,0.0315925610608517,0.024587302,0.0274515481680837,0.0285083336438161,0.0406286721695905,0.0388515252435595,0.0258224574148354,0.0284111899886947
404.0,0.0323756312139711,0.025022701,0.028150934941714,0.0291483046245908,0.041104525320854,0.0399689957605226,0.0262782397468602,0.0294966680102264
406.0,0.0332890752726702,0.025483833,0.0289664919242979,0.0300369020705155,0.0417561078398473,0.0411636792377165,0.0268052633309312,0.0305326063351907
408.0,0.0342422817806439,0.025936904,0.0298423092124962,0.030963089409261,0.0427099955413669,0.0424138931252479,0.0273505493935833,0.032095375869652
410.0,0.0351351326899562,0.026354867,0.0306526188227714,0.0320056099552892,0.0437591523477202,0.0437217413749885,0.0278458971757224,0.0337706154506868
412.0,0.0359596919202165,0.026729613,0.0313687793313487,0.032922697307009,0.0447058887290584,0.0448664731911614,0.028288980257213,0.0356431975182663
414.0,0.0366114841331054,0.027065361,0.0318780502548819,0.0337602783892227,0.0455166207981091,0.0458783939381974,0.0286157225249075,0.0377908125991802
416.0,0.0370814399820636,0.027343338,0.0323151188607846,0.0344245080153213,0.0462058076303696,0.0466384656486698,0.0288903630032642,0.0398652912710844
418.0,0.037398859086416,0.027561643,0.0325339698526814,0.0348493861073261,0.0465800288868803,0.0472615625368428,0.0291168261610682,0.0417252453494776
420.0,0.0376006373118238,0.027735244,0.0327498605912705,0.0351556821582596,0.0468479471800701,0.0478185663315771,0.0293029782777931,0.043481528190753
422.0,0.0378250735232317,0.027911497,0.032919329425162,0.0353617591788592,0.0470639837043634,0.0483231901464725,0.0294951841697906,0.0448510390988997
424.0,0.0381189845289914,0.028107853,0.033170980198674,0.0355117796741616,0.0473189355351353,0.0490259494590099,0.0297860116595767,0.0460692115737416
426.0,0.0385577781540523,0.028331666,0.0335103201649569,0.0357926812543728,0.047586714275585,0.0498070893550026,0.0301501715687096,0.0470035608282696
428.0,0.039221519999083,0.028573434,0.0340018365138003,0.0363595597559356,0.0480758654962741,0.0508696502900379,0.0306032793744737,0.0477610669425923
430.0,0.0400194126698302,0.0288068,0.0346391641686191,0.0369951654399423,0.0488370766266571,0.0521282062752566,0.0311113426901541,0.0486032563700784
432.0,0.0408217216408415,0.029003428,0.0352527839458096,0.0378525244512749,0.0497534015096427,0.053378683881903,0.0316025348475952,0.0496164424767455
434.0,0.0415457689169956,0.029136389,0.0357947107431746,0.0387172789109016,0.0507270602944496,0.0546192792578531,0.0320104025936845,0.050882504967438
436.0,0.0420405342881214,0.029162883,0.0361455077740755,0.0392923337459447,0.0512303024296257,0.0556006121572832,0.0322997844269343,0.0524945790058672
438.0,0.0421548949801578,0.029057194,0.0362028929056773,0.0395677137936882,0.0515234841649784,0.056232894999239,0.032453127988805,0.0542132785021675
440.0,0.0418990196120712,0.02881069,0.0359684729285116,0.0393125192797053,0.0511360275759455,0.056440544629771,0.032416648120724,0.0559748672002844
442.0,0.0412538736243301,0.02841981,0.0353761954850256,0.0385016933435252,0.0500027273830685,0.0562234081894566,0.032179407039975,0.0574842623807795
444.0,0.0403284431873253,0.027904294,0.0344807964085908,0.0369617484451027,0.0481342806838935,0.0557835011450481,0.0318143941302935,0.0582536226737668
446.0,0.0392241818799318,0.027290984,0.0333673945925325,0.0348447744125429,0.0456745157601835,0.0551989614427076,0.0313953551812628,0.058199964567457
448.0,0.0381663429860685,0.026623042,0.0322003110106421,0.0323724542524694,0.0428751173668136,0.0546738156358197,0.0310079979572512,0.0570822606230677
450.0,0.037285368014928,0.025959959,0.0311323206822382,0.0298734876987377,0.0402145644276442,0.0543842573691819,0.0307447266630814,0.055254999256497
452.0,0.0366346695850028,0.02536987,0.0302480268145562,0.0276370841416811,0.03780648250646,0.0543839781408044,0.0306462072753433,0.0528675300037132
454.0,0.0360930113283929,0.024878244,0.029637492927387,0.0257848007149748,0.036076852325071,0.0545413823710225,0.0306847300799731,0.0500001749183216
456.0,0.0357386026032887,0.024505641,0.0292825593669346,0.0244528458536207,0.0348332898759656,0.0548976538085929,0.0308046110014968,0.0469657707037432
458.0,0.0353923956328146,0.024253375,0.0291264635351806,0.023547377993201,0.0340749574854219,0.055351246836642,0.0309808202877585,0.0437677594043929
460.0,0.0349987084867434,0.024103513,0.0290848283443586,0.0229430725323985,0.0336420226018363,0.0556309383444522,0.0311351454636488,0.0405510099044635
462.0,0.0345751632560928,0.024036096,0.029060181180329,0.0225072308932087,0.0334130676730028,0.0559670061801053,0.031227590632453,0.0375549723352103
464.0,0.0339800477655251,0.024027971,0.0289498308442238,0.0221656339842733,0.0331611972748647,0.0561213986378232,0.0312459281294806,0.0350373165572903
466.0,0.0332465382767679,0.024057243,0.0286586245265373,0.0218386654677489,0.0330021806106666,0.0561115319986784,0.0311598648728094,0.0329076289302193
468.0,0.0323788672426849,0.024101882,0.0281578453588983,0.0214655685784492,0.0326496070261168,0.0559658005847899,0.0309601900894405,0.0312444151438976
470.0,0.0313607939854517,0.024139728,0.027448957307831,0.0210140475313003,0.0322397792244908,0.0555553433468388,0.0306304340104736,0.0299283084780389
472.0,0.0303484078453709,0.024155862,0.0265359325165178,0.0205345815363053,0.0318699965139319,0.0549788209337069,0.03018655153514,0.0289207765373201
474.0,0.0293440181603406,0.024133344,0.0254913472913114,0.0199833165073399,0.0316284946266928,0.0541277179414333,0.0296378705800855,0.028073708105365
476.0,0.0283888447294189,0.024070813,0.0243929044985922,0.0195159393371006,0.0313410082959441,0.053039262694076,0.0290312622173748,0.0273840350862217
478.0,0.0275896912827291,0.023970143,0.023341217513317,0.0190308803057732,0.0311535012859741,0.0517332616687055,0.0283379416526172,0.0268960562865751
480.0,0.0269041025684509,0.023836438,0.0224674947818671,0.0186471602154287,0.0310870450432376,0.0501960806402629,0.0276976714948762,0.0264388162749071
482.0,0.0263251479940694,0.023662698,0.0218479535186182,0.0183744376286473,0.0313648077057483,0.0485323924226465,0.0270808377009804,0.0261442614828373
484.0,0.0259306143154972,0.02344225,0.0215107705678249,0.0181703561434417,0.0317976298627236,0.046697600001037,0.0265769234377667,0.0256705224188443
486.0,0.0255823126395841,0.023145834,0.021503195406756,0.0181103826140883,0.0324134182738765,0.0447815984582069,0.0261819195473678,0.0251688757205968
488.0,0.0252828986224336,0.022749791,0.0217264899569331,0.0181249040051035,0.0331497375286642,0.0428440840371178,0.025911677032408,0.0246938455836517
490.0,0.025027022508441,0.022236062,0.0220702778807763,0.0181810419343106,0.0340321322559192,0.0408704189373175,0.0256740764491435,0.0240575583724437
492.0,0.0247461314985419,0.02159333,0.0224554466409934,0.0182334288309512,0.0348075311355329,0.0389657386773317,0.0254307387071372,0.023154545746595
494.0,0.024480433868465,0.020808244,0.0227406151485814,0.0182275053895388,0.0353464463726837,0.0371482667290462,0.025154054901931,0.0222995805332118
496.0,0.0241356837588464,0.019898714,0.0228874249341558,0.0181728859505947,0.0356927671492505,0.0354963968553581,0.0248038833177412,0.0212587768967941
498.0,0.0237253386668678,0.018880907,0.0228352552426325,0.0180012629788143,0.0356026680087235,0.0338808607961336,0.0243704732659981,0.0200469016620426
500.0,0.0232861880664884,0.017769252,0.0225740387698392,0.0176921088114638,0.0351769272892551,0.0323720906015011,0.0238604341095969,0.0187279573574225
502.0,0.0227810388557316,0.016610579,0.0221114298769596,0.0172151417635055,0.034469779770253,0.0309808587870314,0.0233106713571914,0.0173284990250582
504.0,0.0222787746358408,0.015405508,0.0214682149848849,0.0166187829361108,0.0337883268197701,0.0297913502034187,0.0227304768134723,0.015708710383709
506.0,0.021736283232272,0.014179118,0.020665852600924,0.0158660519393234,0.0329935189822337,0.0286081981601957,0.022159496653847,0.0140823593041981
508.0,0.0211978351707361,0.012958726,0.0197714454509643,0.0150466083080119,0.0321366833596362,0.0275830450506728,0.0215971335164473,0.0124358268831241
510.0,0.0206360737228379,0.011773892,0.0188431746646459,0.0140953902557802,0.0314444933662722,0.0266262689511587,0.0210534812635828,0.0108730995001866
512.0,0.020084731906997,0.010685724,0.0179338044212801,0.0131641011121972,0.0307617923716793,0.0257345693949589,0.0205409526733844,0.0093855010160699
514.0,0.0195411104470654,0.009668015,0.017089421457648,0.0122466019146246,0.030268924032866,0.0249741141406231,0.0200888515532755,0.0080202513171385
516.0,0.0190699522424874,0.008736289,0.016316236935962,0.0113198820267752,0.0298513019461484,0.0241566125198282,0.0196353352430784,0.0068123783853382
518.0,0.0185634742467708,0.007903222,0.0157075866052058,0.0104633327243889,0.0296433779217188,0.0233834368041983,0.0192102178845905,0.0058284375876159
520.0,0.0180897272576629,0.007178644,0.015269981616787,0.0096970816736935,0.029456471100889,0.0226208659159927,0.018828395487758,0.004985819943298
522.0,0.0176237698844372,0.006585882,0.0150048901884639,0.0090053656888861,0.0294511369548505,0.0217512653715253,0.018442504042535,0.0043632531259816
524.0,0.0171792051411978,0.006089491,0.0148075236671323,0.008457123951621,0.0296830673045132,0.0209422731731652,0.0180838287158474,0.0038108249477022
526.0,0.0167630821777544,0.005680944,0.0148114786534952,0.0080293080139969,0.0300938971430475,0.020074479364816,0.0176920123691552,0.0034405732644978
528.0,0.0163475890530749,0.005351142,0.0148604176115297,0.0076792218094146,0.0306174332460672,0.0191828931458218,0.0173328537961781,0.0031324696481117
530.0,0.0159097825738545,0.005090417,0.0149893611617877,0.0074541427556548,0.0313305856167204,0.0182191464480527,0.0169580708324029,0.0029097189484632
532.0,0.015478236921371,0.004895172,0.0151420334371492,0.0073473044905195,0.0321638057089406,0.0173007683288531,0.0165574363837246,0.0027371554767484
534.0,0.0150668077251348,0.004746377,0.0153224148491913,0.0072917819566934,0.0330093149533851,0.0163634047619152,0.0161362724226035,0.0026072730855238
536.0,0.0146297527907917,0.004637265,0.0154825153317677,0.0073208109473497,0.0338386783546411,0.0154717317036825,0.0157180870183114,0.0025309106410002
538.0,0.0141804455154097,0.004558739,0.0155975103886244,0.007416534021392,0.0345973882795034,0.0145425901856702,0.0152686249360919,0.0024699867619609
540.0,0.0137146662807813,0.004499365,0.0156868837819212,0.0075632616765546,0.03516907518534,0.0136780222038102,0.0147866429354261,0.0024174203270796
542.0,0.0132417569696469,0.004456841,0.0157210740671793,0.0077256448557516,0.0355644642284073,0.0128282543190573,0.014293835643987,0.0023446029980104
544.0,0.0127529678356866,0.004424999,0.0157300464072238,0.0079339354300801,0.0355898871916441,0.0120334371270422,0.013786340493162,0.0022842014646229
546.0,0.0122390726206272,0.004403921,0.0156830481774217,0.0081991327027953,0.0353595025963739,0.0112634011614019,0.0132550263857492,0.0023329922907949
548.0,0.0117300603605938,0.004394506,0.0155632337065707,0.0084559020587271,0.0348146689671884,0.0105800396525424,0.0126888216998291,0.0022285007508298
550.0,0.0111896574407557,0.00439847,0.0153864572492803,0.0087718150861984,0.0338199310322988,0.0098832901886124,0.0121122606901264,0.0021154845035135
552.0,0.0106502938939359,0.004411723,0.0151735018935609,0.0090970766017417,0.0321931943935524,0.0092210910663125,0.0115063782393215,0.002061743602989
554.0,0.0101253661760358,0.004439289,0.0149282722933586,0.0094791898707164,0.0304130552380054,0.0086306558934555,0.0109144095913292,0.0020550943781207
556.0,0.0096116784250099,0.004486285,0.0146960172935545,0.0098684513157099,0.0281915408120578,0.0080655111398581,0.0102985274947259,0.0020772847327822
558.0,0.0091307253856724,0.004556422,0.014493102767809,0.0103533494519552,0.0257285401691121,0.0075807774377,0.009719446430549,0.0020462483983677
560.0,0.0086813567302504,0.004652004,0.0142640804011448,0.0108062123437064,0.0231971763528744,0.0071259428667048,0.0091718149148217,0.0019939151371125
562.0,0.0082972579757328,0.004778564,0.0140957125197872,0.0113196120653731,0.0207482108294887,0.0067784420663867,0.0086763929612526,0.0020467619334877
564.0,0.0079511630330026,0.004933076,0.0138923217314832,0.0118946073361535,0.0185677738063652,0.0065899116580576,0.0082618985547019,0.0020830434755965
566.0,0.0077145697140785,0.005113016,0.0136731593398825,0.0124470934662303,0.0166680367318105,0.006404335556205,0.0079264291841384,0.0020987269514197
568.0,0.0074813436410584,0.005314529,0.0133908479029589,0.01302506388754,0.0150307389920362,0.0063926599049905,0.0076694494639381,0.0021046892412751
570.0,0.0073564153128439,0.00553243,0.0130212565941839,0.0136625344824345,0.0135444366243248,0.0064626437542027,0.0075090832098282,0.0022900669210847
572.0,0.0072743819306589,0.005764875,0.0125773784481265,0.0142867633260044,0.0120905738992822,0.0065459153593521,0.0074214605944224,0.0023061481821663
574.0,0.0071869489213826,0.006003232,0.0120319683427085,0.0148751556473545,0.0108144810016289,0.0067362140316005,0.0073971809071351,0.0024562117764216
576.0,0.007200324282301,0.006235457,0.0114934705805745,0.0154883436800563,0.0096161281542829,0.0069876196236422,0.0074479100529494,0.0026083604961894
578.0,0.007226987724474,0.006455945,0.0109084962269342,0.0160470888487389,0.0085900804723498,0.007290244171134,0.0075474594546976,0.0027148213395821
580.0,0.0072766573070088,0.006665526,0.0103481421754124,0.0166140557225623,0.0078602924511242,0.0076540562182592,0.007680350272975,0.0028348519033304
582.0,0.0073119176929833,0.006872479,0.0097978462555804,0.0171067079980289,0.0072611720089499,0.0080304939631756,0.0078384865384707,0.0029798759598661
584.0,0.0073760624261203,0.007074471,0.0092958797329833,0.0175604542926778,0.0068576411776783,0.0084757495325578,0.0080160656308825,0.003136596310708
586.0,0.0073657596983128,0.007267629,0.0088313077674888,0.017953928431042,0.0065470990359558,0.0088805402386107,0.0081829183162499,0.0032132608130245
588.0,0.0073231052828802,0.007450208,0.0084087945034816,0.0183099397476493,0.0064208817368025,0.0091798890188827,0.0083091652933194,0.0033412934129408
590.0,0.0072384441217696,0.007622588,0.0079885640880906,0.0186636589493605,0.0062717930059848,0.0093438379957173,0.0083625610885181,0.0034562079756157
592.0,0.0070842284508462,0.007789598,0.0075353589911723,0.0189956442996691,0.0061083295762761,0.0093517358452298,0.008341250328437,0.0035314045539587
594.0,0.0069120170709171,0.007944144,0.0071171887333882,0.0193143560612194,0.0060729615849303,0.009240538823297,0.0082000670088488,0.003592218335731
596.0,0.0067334486466041,0.008086342,0.0067216161121678,0.0195935291766841,0.005991563655308,0.0089388704597143,0.0079859526771295,0.0036149074036341
598.0,0.0065596618408444,0.008221891,0.0063705482615428,0.0199205175740369,0.0059099553331228,0.008540716706173,0.0077046493343239,0.0037132344811709
600.0,0.0064757467667293,0.008362072,0.0061376227425687,0.0202721393309208,0.0058955208107146,0.0081089254818495,0.0074324879956365,0.0037987737306573
602.0,0.0064697948063717,0.008511381,0.0059847056826193,0.0206592767854635,0.0059270616880015,0.0077094402757408,0.0072019051336506,0.0039261669655847
604.0,0.0065713936491204,0.008681519,0.0059775679483412,0.0210980135997445,0.005947034260199,0.007386914286642,0.007075030896235,0.0040640088145904
606.0,0.0067795458178154,0.008868005,0.0060768608951893,0.0215792601147161,0.0061347203512729,0.0072002993836818,0.0070749597476018,0.0042648136027475
608.0,0.007037146925821,0.009066626,0.0062526068886596,0.0221398009567669,0.0062798208799916,0.0071229811116416,0.007177602793415,0.004434026365446
610.0,0.0073406378437126,0.009273441,0.0065377292583419,0.0226847408146676,0.0064655373031133,0.0071009816067456,0.0073862871190329,0.0046598140938561
612.0,0.0076649369268186,0.009483713,0.0068680873833313,0.023288024804231,0.0067332041710212,0.0071520743773305,0.007650645528393,0.004933326497902
614.0,0.0079795747672663,0.009695817,0.0072025892488489,0.0238322042292376,0.0069648550638172,0.0072725008756565,0.0079429481743184,0.0051589198841403
616.0,0.0082792018427478,0.009902344,0.0075094213740399,0.0243413641776746,0.0072124951016106,0.0073785070112972,0.0082331717224666,0.0053868168921637
618.0,0.0085274126787895,0.010094038,0.0077875938792083,0.0247870607357154,0.0074124835782836,0.0075011476560894,0.008502762542836,0.0055970187113136
620.0,0.0087189462913032,0.010259804,0.0080502046069156,0.0250794934151927,0.0076465237119375,0.0076686556794715,0.0087310247742543,0.0057905735490453
622.0,0.0088433740460499,0.010396343,0.0082968239268555,0.0252596059593527,0.0077662197778127,0.0078140633970845,0.0089054075466424,0.0059203607570339
624.0,0.0089417150248025,0.010511914,0.0085554594565917,0.0252931121205228,0.0079425649578799,0.0079259093061599,0.0090447554266267,0.0061616019342989
626.0,0.0090211589136264,0.010603671,0.0087858098118665,0.0251446527234793,0.0080436114555728,0.0081001174826872,0.0091723971073014,0.0063006907865703
628.0,0.0091704363974959,0.010677028,0.0090150015705723,0.0248833698985583,0.0081088097761717,0.0083241865360672,0.0093307833125682,0.0063968401944033
630.0,0.0093195892793062,0.010745667,0.0091641331871378,0.0244309176164505,0.0081534125307022,0.0085775849050911,0.0095327524163831,0.0064805218575264
632.0,0.0094791772177478,0.01083014,0.009243435956071,0.0238512041266455,0.0081725836541824,0.0088530109601532,0.0097326244558523,0.0064598146732004
634.0,0.0095708581132622,0.01096222,0.0092725095093207,0.0231455728108555,0.0080774730766739,0.0090688749053097,0.0099161684152462,0.0063551497150794
636.0,0.0095677456491872,0.011177113,0.0092323537923725,0.0223209271140467,0.0080006303603689,0.0092240465193717,0.0100127645317601,0.0061667623416184
638.0,0.0094216518781574,0.011503325,0.0091570220070646,0.0212807851584764,0.0078726364342897,0.0092487880494377,0.0100163985466815,0.0061195705826746
640.0,0.0092312911378307,0.011962659,0.0090446967369319,0.0200981372959515,0.007721398576813,0.0091314627759068,0.0099684649951466,0.006062703095778
642.0,0.0089763085195993,0.012574552,0.0088354375013547,0.0187434524660172,0.0075586540284969,0.00885029473033,0.0099040537395807,0.0060658131784291
644.0,0.0087968601729233,0.013287052,0.0085973226350557,0.0173541465082613,0.0074099630739327,0.0084982646231974,0.0098406095747126,0.0061950256942982
646.0,0.008677563002956,0.014033445,0.0083456018836026,0.0159222887573907,0.0074103991894223,0.0080792085337186,0.0097840477985621,0.0064147186608395
648.0,0.0087456810937346,0.014760517,0.0081844939891921,0.0146747090617596,0.007328325727157,0.0077131805762617,0.0097276589213485,0.006725456096241
650.0,0.0090165890919866,0.015428557,0.0082299997123293,0.01363728719773,0.007435947654587,0.0074895448347539,0.0097162324471785,0.0071203760977529
652.0,0.0095645419623584,0.016028326,0.0085655785953144,0.0128512316942136,0.0076756165819846,0.0075040856561805,0.0098146170844511,0.0077148367389941
654.0,0.0104215289121893,0.016564637,0.009264167937114,0.0124224079500946,0.0080168244897279,0.0078276558291894,0.0101365763877959,0.008509953871041
656.0,0.0116756739939224,0.01711423,0.0103675289149351,0.0123958132643145,0.008677851379285,0.0084818337480645,0.0107831989509378,0.0096606901674452
658.0,0.0133138673461332,0.017745172,0.0119055729373593,0.0127955044356641,0.0095968854768878,0.0095998098519164,0.0118332794203774,0.0112967533218779
660.0,0.0152853954448347,0.018516861,0.0137999772725943,0.0135897733820316,0.0108558407001053,0.0112561677606513,0.0132772948163098,0.0134516572377186
662.0,0.017558420072066,0.01942608,0.0158120821801002,0.0147555182673811,0.0123812648235672,0.0134263703464448,0.0150717723041438,0.0159679874310487
664.0,0.0200441399829886,0.020407055,0.0177802315797607,0.0161875836070217,0.0142727745454213,0.0162102293221274,0.0170558198677057,0.0189282639392406
666.0,0.0225260866667474,0.02139593,0.0195562242702428,0.0176954188730126,0.0162394105673095,0.0193073533215098,0.0191273021657507,0.0219956762169305
668.0,0.0247785674053802,0.022314893,0.020983123434504,0.0191567138053895,0.0181132740275346,0.0222539359129839,0.0210482922049708,0.0246842487008688
670.0,0.0264951239758343,0.023072177,0.0220978505130146,0.0204294995632076,0.0197340424355864,0.0247061555524265,0.0227071302783459,0.0266352879826744
672.0,0.0273756910699007,0.023576686,0.022907701303912,0.0214138066772986,0.0210193260206566,0.0261440115559792,0.0239477795208512,0.0274589279675028
674.0,0.0273200878202048,0.023858547,0.0234818329197879,0.0222503406048832,0.0221674848274259,0.0265796076669255,0.0246838528054523,0.0272985112573264
676.0,0.0263993121197828,0.0239,0.0238626925256184,0.0229787001104832,0.0230918635462925,0.0260720849586906,0.0248589727988118,0.0262458291594601
678.0,0.0248491210327639,0.023664991,0.0240043813020292,0.0236874191310947,0.0237435770433689,0.0248047235219313,0.0243672287284642,0.0248341925313842
680.0,0.0228132745642986,0.023099172,0.0237323528892042,0.023944180469415,0.0238373667150007,0.0229457698750645,0.0231461353140373,0.0230219794884846
682.0,0.0205380629981699,0.022129289,0.0230025231269594,0.0234749942814055,0.0229571090967517,0.0205573301110945,0.021159797667097,0.0207286497098095
684.0,0.0180106930866054,0.020730513,0.0216478060187201,0.0219926117427501,0.0210224343286135,0.0174197020762721,0.0184689474662838,0.018052167695966
686.0,0.0153749756483978,0.018949355,0.0198103686284757,0.0197734125454892,0.0185780084585196,0.0141272541635527,0.0153478596113861,0.0150839739812459
688.0,0.0127298327004432,0.016880108,0.0174715928075251,0.017094099580599,0.0159565458882406,0.0107673646116654,0.0121184747352602,0.0120095137667038
690.0,0.0102347094869315,0.014664843,0.0148838878150539,0.0143285002419684,0.0132692267743457,0.0078435031979681,0.0091430936118462,0.0092253877793334
692.0,0.0081184328589073,0.012580539,0.0122582470431777,0.0117311273345448,0.0106173486249649,0.0056092524873347,0.0066674916142563,0.0067887814720492
694.0,0.0063353678954705,0.010649065,0.0098157957177319,0.0094092407815421,0.0082414357429153,0.0039295285720203,0.0047628559709042,0.0048803097061628
696.0,0.0049727901343141,0.008901019,0.0076482438567773,0.0074420892563259,0.0063386122324006,0.0027921465669329,0.0033782388770339,0.0034825526062921
698.0,0.0039826100262552,0.007418376,0.0057873001742783,0.0058424072323378,0.004807708573144,0.0020521445611549,0.0023878411271876,0.0025043696007175
700.0,0.003200616249681,0.006137498,0.0043131852690386,0.0046328088385274,0.003767744058622,0.0015457941245661,0.0016924889895687,0.0018628114375209
702.0,0.0026092697197185,0.005068814,0.0031630288845241,0.0037130467171954,0.0029498471984629,0.0011934781317174,0.0012118372802156,0.0014128145792038
704.0,0.0021533082215897,0.004195563,0.0023303217989364,0.0030833693495189,0.0024282607063189,0.000983320387,0.0008794584476742,0.001032821656662
706.0,0.0018344334339798,0.003479831,0.0017337655648755,0.0025751442135706,0.0020370199634968,0.0007989266161708,0.0006422260598602,0.0007326727268893
708.0,0.0015291373555731,0.002884973,0.001274638224077,0.0021778442478192,0.0016894990619029,0.0006659410817089,0.000473559620919,0.0005520467912669
710.0,0.001288693384349,0.002393068,0.000944449652934,0.0018759877300815,0.001452980808308,0.0005807281435023,0.0003650387605047,0.0004250833114127
712.0,0.0011131147644829,0.001986079,0.0007313173621728,0.0016092439965892,0.0013381878652162,0.0005138380567777,0.000287212328303,0.0003127130833564
714.0,0.0009243131247216,0.001649169,0.0005539529839,0.0014197552490107,0.0010745649200493,0.0004330385262211,0.0002312937840092,0.0002250380830526
716.0,0.0007824813569531,0.001370124,0.0004598334857271,0.0012632004247163,0.0011701358437985,0.0004506381898566,0.0001758138575232,0.0002474444179478
718.0,0.0006769694435051,0.001138882,0.0003677573310661,0.0010958376828245,0.0010302213696546,0.0003253500567976,0.000156011795106,0.0001501621477793
720.0,0.0005913847028106,0.000947155,0.0002787212010002,0.0009924526401065,0.0008686593397906,0.0003249542403017,0.000124840624426,0.0001590870791697
722.0,0.0005319230079235,0.000947155,0.0002510651565939,0.0008694602356769,0.0009104496606677,0.0003197754365082,0.0001162198062835,0.0001666560387649
724.0,0.0004776730529414,0.000947155,0.0002256835954855,0.000753889159927,0.0008504495715147,0.0002644343855778,9.099298025052716e-05,6.297197121228772e-05
726.0,0.0004442958071067,0.000947155,0.0001952839193483,0.0006861895671195,0.0008994034063331,0.0003009134257613,8.980634956684341e-05,8.318372285910995e-05
728.0,0.0003856306932737,0.000947155,0.0001481572005691,0.0006267038752206,0.0007332450792798,0.0002604479354171,7.878711812533313e-05,5.632711391026133e-05
730.0,0.0003619742027991,0.000947155,0.0001321445177236,0.0005290766604166,0.0007305823036238,0.0002654005721518,6.170481714023601e-05,-5.422900513870908e-05
732.0,0.00030704122799,0.000947155,0.0001176463041162,0.0004783914787422,0.0007123080043641,0.0002645497738718,5.1639678007300346e-05,0.0001350123552231
734.0,0.0003183369979894,0.000947155,0.0001212167054896,0.0004882930308849,0.0007230875033303,0.0002352167639502,4.2866676115119904e-05,0.0001005235501299
736.0,0.0002988397567681,0.000947155,8.872638527957875e-05,0.0004567419744158,0.0006506498320554,0.0002434233075363,4.600211479207322e-05,0.00010031423956
738.0,0.0002904473579134,0.000947155,0.0001014133098432,0.0003624150815139,0.0007337375248461,0.0002461528683662,3.758462485873415e-05,1.3183270343679758e-05
740.0,0.0002628296093001,0.000947155,8.577111995387942e-05,0.0004076156101465,0.0007649358123925,0.0002606278108257,3.852447855543476e-05,0.0001488284684511
742.0,0.0002457002620427,0.000947155,7.83866739614348e-05,0.00042130108391,0.0006043950514898,0.0002123824037476,2.1294823607241963e-05,0.000151686154785
744.0,0.0003044674753332,0.000947155,9.039681635924628e-05,0.0003897626037681,0.0007172826984204,0.0001983065929269,1.9421968504458817e-05,-2.700870659003327e-06
746.0,0.000224026218492,0.000947155,6.98437427308368e-05,0.000340529731934,0.0007310933606594,0.000220273350508,2.4579981921688862e-05,3.951201449136725e-05
748.0,0.000247198525814,0.000947155,0.0001031085912888,0.0003589890031456,0.0005907220267619,0.0001626172924036,2.1412385795136e-05,0.0001093198867349
750.0,0.0002135083097126,0.000947155,0.00010015894023,0.000292457432488,0.0006116264703493,0.0002151879088737,1.0476960336091486e-05,4.199692244806315e-05
752.0,0.0002251881002591,0.000947155,9.183937331806644e-05,0.0003394793220792,0.0006132939291158,0.0002782716152955,2.899388153532108e-05,1.756841806918707e-06
754.0,0.000218672173375,0.000947155,4.625769365624512e-05,0.0003197203069308,0.0005661027469547,0.0001890483126236,2.2177682315713967e-05,7.121877204270672e-05
756.0,0.0002570998642937,0.000947155,5.940297025238544e-05,0.000331611054611,0.0007601406720233,0.0002090024377701,6.073662791601553e-06,-5.207957995559834e-05
758.0,0.0002675143834327,0.000947155,9.554300776751034e-05,0.0003247527408421,0.0005386957581625,0.0001047893560184,4.246807478883694e-06,1.7970892952401212e-05
760.0,0.0002558512035322,0.000947155,0.000104792994214,0.0002842465346995,0.0005800298958286,0.0001560087666273,1.17849619302913e-05,-7.98940081926502e-05
762.0,0.0002300408687078,0.000947155,3.430400233802181e-05,0.00032024666065,0.000458530719388,0.0001212100018137,1.2830771063403076e-05,5.269178041545827e-05
764.0,0.0002135514962467,0.000947155,6.13777267630211e-05,0.0003018399097124,0.0005625601317798,0.000123251404654,1.2903657729586576e-05,1.2334164236850654e-05
766.0,0.0001942488950425,0.000947155,6.852488029279857e-05,0.0003174644872118,0.0004926705232267,0.0001496326264565,3.0520924037166907e-06,1.642301119936009e-05
768.0,0.0002105583811294,0.000947155,9.032978521035478e-05,0.0003184060531552,0.0005118494165161,0.0002082497041258,7.412366828829191e-06,-2.5904452875147253e-05
770.0,0.0002531394064306,0.000947155,5.214995415765351e-05,0.0003168542790071,0.0005286863705918,0.0001939398355088,-2.3927604313235318e-06,-5.397161686831381e-05
772.0,0.0002322797551195,0.000947155,0.0001055555165843,0.0002984632510412,0.0006911180960611,0.0001023878009171,-1.2736061730772454e-05,-7.804185507527912e-05
774.0,0.0002635597161717,0.000947155,6.17110007156261e-05,0.000266028427608,0.0004820739288318,0.0002058432845216,-8.607327945318646e-06,-2.426985654741888e-05
776.0,0.0002316017423865,0.000947155,8.629834016028684e-05,0.0003053282210524,0.0004691172976971,0.0001298876154257,2.506301190896427e-05,8.018341053896246e-05
778.0,0.0002287899498092,0.000947155,5.037711372670953e-05,0.0003161946395159,0.0005078738343638,0.0001734077947055,-1.293990566484318e-05,-8.10822749976033e-05
780.0,0.0002034805454684,0.000947155,7.424155303197729e-05,0.0002417047742904,0.0005972260088014,8.729242079534917e-05,-1.994242299877074e-06,3.783479073545918e-05
782.0,0.0002071961357644,0.000947155,6.850956188605584e-05,0.0003114696712124,0.0005126836695685,0.0001150838904635,-4.683798351289556e-06,0.0001551893654391
784.0,0.0002146304976519,0.000947155,5.54061407117901e-05,0.0002996378469115,0.0004384947358642,0.000173616954859,7.323007361573466e-06,0.0001134753407408
786.0,0.0002395469941888,0.000947155,6.344968244177638e-05,0.0002522189994886,0.0004791066743479,0.0002262612523554,4.0672484816739685e-05,0.0002170525668518
788.0,0.0002188420332257,0.000947155,6.708247864425225e-05,0.0002351186093973,0.000505056835175,0.0001421576406693,-3.515209143338466e-06,0.0001748681518245
790.0,0.0002555508588015,0.000947155,7.765306704496001e-05,0.0002914240910341,0.0006231775530898,0.0001411723246292,8.963200600908703e-06,6.591421458876109e-05
792.0,0.0001983537128094,0.000947155,6.281219560712793e-05,0.0002461621218691,0.0005095583283727,0.0001871606080397,-1.944512995432195e-06,4.656979090174652e-05
794.0,0.000282091124375,0.000947155,7.112583051675066e-05,0.0002531862614469,0.0007345714571482,0.0001802326146143,-2.048178683099719e-06,9.834038334275244e-05
796.0,0.0002949281414197,0.000947155,4.503381159143196e-05,0.0002717189340297,0.0005099386210421,9.094431141270324e-05,1.047077862255486e-05,-2.495700586688652e-05
798.0,0.0002631693693413,0.000947155,7.311153456027732e-05,0.0002957678182199,0.0004703307393285,0.0001658447580701,-6.852271584772814e-06,2.0530587708075357e-05
800.0,0.0002631693693413,0.000947155,7.311153456027732e-05,0.0002957678182199,0.0004703307393285,0.0001658447580701,-6.852271584772814e-06,2.0530587708075357e-05
802.0,0.0002631693693413,0.000947155,7.311153456027732e-05,0.0002957678182199,0.0004703307393285,0.0001658447580701,-6.852271584772814e-06,2.0530587708075357e-05
804.0,0.0002631693693413,0.000947155,7.311153456027732e-05,0.0002957678182199,0.0004703307393285,0.0001658447580701,-6.852271584772814e-06,2.0530587708075357e-05
806.0,0.0002631693693413,0.000947155,7.311153456027732e-05,0.0002957678182199,0.0004703307393285,0.0001658447580701,-6.852271584772814e-06,2.0530587708075357e-05
808.0,0.0002631693693413,0.000947155,7.311153456027732e-05,0.0002957678182199,0.0004703307393285,0.0001658447580701,-6.852271584772814e-06,2.0530587708075357e-05
810.0,0.0002631693693413,0.000947155,7.311153456027732e-05,0.0002957678182199,0.0004703307393285,0.0001658447580701,-6.852271584772814e-06,2.0530587708075357e-05
812.0,0.0002631693693413,0.000947155,7.311153456027732e-05,0.0002957678182199,0.0004703307393285,0.0001658447580701,-6.852271584772814e-06,2.0530587708075357e-05
814.0,0.0002631693693413,0.000947155,7.311153456027732e-05,0.0002957678182199,0.0004703307393285,0.0001658447580701,-6.852271584772814e-06,2.0530587708075357e-05
816.0,0.0002631693693413,0.000947155,7.311153456027732e-05,0.0002957678182199,0.0004703307393285,0.0001658447580701,-6.852271584772814e-06,2.0530587708075357e-05
818.0,0.0002631693693413,0.000947155,7.311153456027732e-05,0.0002957678182199,0.0004703307393285,0.0001658447580701,-6.852271584772814e-06,2.0530587708075357e-05
820.0,0.0002631693693413,0.000947155,7.311153456027732e-05,0.0002957678182199,0.0004703307393285,0.0001658447580701,-6.852271584772814e-06,2.0530587708075357e-05
822.0,0.0002631693693413,0.000947155,7.311153456027732e-05,0.0002957678182199,0.0004703307393285,0.0001658447580701,-6.852271584772814e-06,2.0530587708075357e-05
824.0,0.0002631693693413,0.000947155,7.311153456027732e-05,0.0002957678182199,0.0004703307393285,0.0001658447580701,-6.852271584772814e-06,2.0530587708075357e-05
826.0,0.0002631693693413,0.000947155,7.311153456027732e-05,0.0002957678182199,0.0004703307393285,0.0001658447580701,-6.852271584772814e-06,2.0530587708075357e-05
828.0,0.0002631693693413,0.000947155,7.311153456027732e-05,0.0002957678182199,0.0004703307393285,0.0001658447580701,-6.852271584772814e-06,2.0530587708075357e-05
830.0,0.0002631693693413,0.000947155,7.311153456027732e-05,0.0002957678182199,0.0004703307393285,0.0001658447580701,-6.852271584772814e-06,2.0530587708075357e-05
832.0,0.0002631693693413,0.000947155,7.311153456027732e-05,0.0002957678182199,0.0004703307393285,0.0001658447580701,-6.852271584772814e-06,2.0530587708075357e-05
834.0,0.0002631693693413,0.000947155,7.311153456027732e-05,0.0002957678182199,0.0004703307393285,0.0001658447580701,-6.852271584772814e-06,2.0530587708075357e-05
836.0,0.0002631693693413,0.000947155,7.311153456027732e-05,0.0002957678182199,0.0004703307393285,0.0001658447580701,-6.852271584772814e-06,2.0530587708075357e-05
838.0,0.0002631693693413,0.000947155,7.311153456027732e-05,0.0002957678182199,0.0004703307393285,0.0001658447580701,-6.852271584772814e-06,2.0530587708075357e-05
840.0,0.0002631693693413,0.000947155,7.311153456027732e-05,0.0002957678182199,0.0004703307393285,0.0001658447580701,-6.852271584772814e-06,2.0530587708075357e-05
842.0,0.0002631693693413,0.000947155,7.311153456027732e-05,0.0002957678182199,0.0004703307393285,0.0001658447580701,-6.852271584772814e-06,2.0530587708075357e-05
844.0,0.0002631693693413,0.000947155,7.311153456027732e-05,0.0002957678182199,0.0004703307393285,0.0001658447580701,-6.852271584772814e-06,2.0530587708075357e-05
846.0,0.0002631693693413,0.000947155,7.311153456027732e-05,0.0002957678182199,0.0004703307393285,0.0001658447580701,-6.852271584772814e-06,2.0530587708075357e-05
848.0,0.0002631693693413,0.000947155,7.311153456027732e-05,0.0002957678182199,0.0004703307393285,0.0001658447580701,-6.852271584772814e-06,2.0530587708075357e-05
850.0,0.0002631693693413,0.000947155,7.311153456027732e-05,0.0002957678182199,0.0004703307393285,0.0001658447580701,-6.852271584772814e-06,2.0530587708075357e-05
852.0,0.0002631693693413,0.000947155,7.311153456027732e-05,0.0002957678182199,0.0004703307393285,0.0001658447580701,-6.852271584772814e-06,2.0530587708075357e-05
854.0,0.0002631693693413,0.000947155,7.311153456027732e-05,0.0002957678182199,0.0004703307393285,0.0001658447580701,-6.852271584772814e-06,2.0530587708075357e-05
856.0,0.0002631693693413,0.000947155,7.311153456027732e-05,0.0002957678182199,0.0004703307393285,0.0001658447580701,-6.852271584772814e-06,2.0530587708075357e-05
858.0,0.0002631693693413,0.000947155,7.311153456027732e-05,0.0002957678182199,0.0004703307393285,0.0001658447580701,-6.852271584772814e-06,2.0530587708075357e-05
860.0,0.0002631693693413,0.000947155,7.311153456027732e-05,0.0002957678182199,0.0004703307393285,0.0001658447580701,-6.852271584772814e-06,2.0530587708075357e-05
862.0,0.0002631693693413,0.000947155,7.311153456027732e-05,0.0002957678182199,0.0004703307393285,0.0001658447580701,-6.852271584772814e-06,2.0530587708075357e-05
864.0,0.0002631693693413,0.000947155,7.311153456027732e-05,0.0002957678182199,0.0004703307393285,0.0001658447580701,-6.852271584772814e-06,2.0530587708075357e-05
866.0,0.0002631693693413,0.000947155,7.311153456027732e-05,0.0002957678182199,0.0004703307393285,0.0001658447580701,-6.852271584772814e-06,2.0530587708075357e-05
868.0,0.0002631693693413,0.000947155,7.311153456027732e-05,0.0002957678182199,0.0004703307393285,0.0001658447580701,-6.852271584772814e-06,2.0530587708075357e-05
870.0,0.0002631693693413,0.000947155,7.311153456027732e-05,0.0002957678182199,0.0004703307393285,0.0001658447580701,-6.852271584772814e-06,2.0530587708075357e-05
872.0,0.0002631693693413,0.000947155,7.311153456027732e-05,0.0002957678182199,0.0004703307393285,0.0001658447580701,-6.852271584772814e-06,2.0530587708075357e-05
874.0,0.0002631693693413,0.000947155,7.311153456027732e-05,0.0002957678182199,0.0004703307393285,0.0001658447580701,-6.852271584772814e-06,2.0530587708075357e-05
876.0,0.0002631693693413,0.000947155,7.311153456027732e-05,0.0002957678182199,0.0004703307393285,0.0001658447580701,-6.852271584772814e-06,2.0530587708075357e-05
878.0,0.0002631693693413,0.000947155,7.311153456027732e-05,0.0002957678182199,0.0004703307393285,0.0001658447580701,-6.852271584772814e-06,2.0530587708075357e-05
880.0,0.0002631693693413,0.000947155,7.311153456027732e-05,0.0002957678182199,0.0004703307393285,0.0001658447580701,-6.852271584772814e-06,2.0530587708075357e-05
882.0,0.0002631693693413,0.000947155,7.311153456027732e-05,0.0002957678182199,0.0004703307393285,0.0001658447580701,-6.852271584772814e-06,2.0530587708075357e-05
884.0,0.0002631693693413,0.000947155,7.311153456027732e-05,0.0002957678182199,0.0004703307393285,0.0001658447580701,-6.852271584772814e-06,2.0530587708075357e-05
886.0,0.0002631693693413,0.000947155,7.311153456027732e-05,0.0002957678182199,0.0004703307393285,0.0001658447580701,-6.852271584772814e-06,2.0530587708075357e-05
888.0,0.0002631693693413,0.000947155,7.311153456027732e-05,0.0002957678182199,0.0004703307393285,0.0001658447580701,-6.852271584772814e-06,2.0530587708075357e-05
890.0,0.0002631693693413,0.000947155,7.311153456027732e-05,0.0002957678182199,0.0004703307393285,0.0001658447580701,-6.852271584772814e-06,2.0530587708075357e-05
892.0,0.0002631693693413,0.000947155,7.311153456027732e-05,0.0002957678182199,0.0004703307393285,0.0001658447580701,-6.852271584772814e-06,2.0530587708075357e-05
894.0,0.0002631693693413,0.000947155,7.311153456027732e-05,0.0002957678182199,0.0004703307393285,0.0001658447580701,-6.852271584772814e-06,2.0530587708075357e-05
896.0,0.0002631693693413,0.000947155,7.311153456027732e-05,0.0002957678182199,0.0004703307393285,0.0001658447580701,-6.852271584772814e-06,2.0530587708075357e-05
898.0,0.0002631693693413,0.000947155,7.311153456027732e-05,0.0002957678182199,0.0004703307393285,0.0001658447580701,-6.852271584772814e-06,2.0530587708075357e-05
900.0,0.0002631693693413,0.000947155,7.311153456027732e-05,0.0002957678182199,0.0004703307393285,0.0001658447580701,-6.852271584772814e-06,2.0530587708075357e-05
902.0,0.0002631693693413,0.000947155,7.311153456027732e-05,0.0002957678182199,0.0004703307393285,0.0001658447580701,-6.852271584772814e-06,2.0530587708075357e-05
904.0,0.0002631693693413,0.000947155,7.311153456027732e-05,0.0002957678182199,0.0004703307393285,0.0001658447580701,-6.852271584772814e-06,2.0530587708075357e-05
906.0,0.0002631693693413,0.000947155,7.311153456027732e-05,0.0002957678182199,0.0004703307393285,0.0001658447580701,-6.852271584772814e-06,2.0530587708075357e-05
908.0,0.0002631693693413,0.000947155,7.311153456027732e-05,0.0002957678182199,0.0004703307393285,0.0001658447580701,-6.852271584772814e-06,2.0530587708075357e-05
910.0,0.0002631693693413,0.000947155,7.311153456027732e-05,0.0002957678182199,0.0004703307393285,0.0001658447580701,-6.852271584772814e-06,2.0530587708075357e-05
912.0,0.0002631693693413,0.000947155,7.311153456027732e-05,0.0002957678182199,0.0004703307393285,0.0001658447580701,-6.852271584772814e-06,2.0530587708075357e-05
914.0,0.0002631693693413,0.000947155,7.311153456027732e-05,0.0002957678182199,0.0004703307393285,0.0001658447580701,-6.852271584772814e-06,2.0530587708075357e-05
916.0,0.0002631693693413,0.000947155,7.311153456027732e-05,0.0002957678182199,0.0004703307393285,0.0001658447580701,-6.852271584772814e-06,2.0530587708075357e-05
918.0,0.0002631693693413,0.000947155,7.311153456027732e-05,0.0002957678182199,0.0004703307393285,0.0001658447580701,-6.852271584772814e-06,2.0530587708075357e-05
920.0,0.0002631693693413,0.000947155,7.311153456027732e-05,0.0002957678182199,0.0004703307393285,0.0001658447580701,-6.852271584772814e-06,2.0530587708075357e-05
922.0,0.0002631693693413,0.000947155,7.311153456027732e-05,0.0002957678182199,0.0004703307393285,0.0001658447580701,-6.852271584772814e-06,2.0530587708075357e-05
924.0,0.0002631693693413,0.000947155,7.311153456027732e-05,0.0002957678182199,0.0004703307393285,0.0001658447580701,-6.852271584772814e-06,2.0530587708075357e-05
926.0,0.0002631693693413,0.000947155,7.311153456027732e-05,0.0002957678182199,0.0004703307393285,0.0001658447580701,-6.852271584772814e-06,2.0530587708075357e-05
928.0,0.0002631693693413,0.000947155,7.311153456027732e-05,0.0002957678182199,0.0004703307393285,0.0001658447580701,-6.852271584772814e-06,2.0530587708075357e-05
930.0,0.0002631693693413,0.000947155,7.311153456027732e-05,0.0002957678182199,0.0004703307393285,0.0001658447580701,-6.852271584772814e-06,2.0530587708075357e-05
932.0,0.0002631693693413,0.000947155,7.311153456027732e-05,0.0002957678182199,0.0004703307393285,0.0001658447580701,-6.852271584772814e-06,2.0530587708075357e-05
934.0,0.0002631693693413,0.000947155,7.311153456027732e-05,0.0002957678182199,0.0004703307393285,0.0001658447580701,-6.852271584772814e-06,2.0530587708075357e-05
936.0,0.0002631693693413,0.000947155,7.311153456027732e-05,0.0002957678182199,0.0004703307393285,0.0001658447580701,-6.852271584772814e-06,2.0530587708075357e-05
938.0,0.0002631693693413,0.000947155,7.311153456027732e-05,0.0002957678182199,0.0004703307393285,0.0001658447580701,-6.852271584772814e-06,2.0530587708075357e-05
940.0,0.0002631693693413,0.000947155,7.311153456027732e-05,0.0002957678182199,0.0004703307393285,0.0001658447580701,-6.852271584772814e-06,2.0530587708075357e-05
942.0,0.0002631693693413,0.000947155,7.311153456027732e-05,0.0002957678182199,0.0004703307393285,0.0001658447580701,-6.852271584772814e-06,2.0530587708075357e-05
944.0,0.0002631693693413,0.000947155,7.311153456027732e-05,0.0002957678182199,0.0004703307393285,0.0001658447580701,-6.852271584772814e-06,2.0530587708075357e-05
946.0,0.0002631693693413,0.000947155,7.311153456027732e-05,0.0002957678182199,0.0004703307393285,0.0001658447580701,-6.852271584772814e-06,2.0530587708075357e-05
948.0,0.0002631693693413,0.000947155,7.311153456027732e-05,0.0002957678182199,0.0004703307393285,0.0001658447580701,-6.852271584772814e-06,2.0530587708075357e-05
950.0,0.0002631693693413,0.000947155,7.311153456027732e-05,0.0002957678182199,0.0004703307393285,0.0001658447580701,-6.852271584772814e-06,2.0530587708075357e-05
952.0,0.0002631693693413,0.000947155,7.311153456027732e-05,0.0002957678182199,0.0004703307393285,0.0001658447580701,-6.852271584772814e-06,2.0530587708075357e-05
954.0,0.0002631693693413,0.000947155,7.311153456027732e-05,0.0002957678182199,0.0004703307393285,0.0001658447580701,-6.852271584772814e-06,2.0530587708075357e-05
956.0,0.0002631693693413,0.000947155,7.311153456027732e-05,0.0002957678182199,0.0004703307393285,0.0001658447580701,-6.852271584772814e-06,2.0530587708075357e-05
958.0,0.0002631693693413,0.000947155,7.311153456027732e-05,0.0002957678182199,0.0004703307393285,0.0001658447580701,-6.852271584772814e-06,2.0530587708075357e-05
960.0,0.0002631693693413,0.000947155,7.311153456027732e-05,0.0002957678182199,0.0004703307393285,0.0001658447580701,-6.852271584772814e-06,2.0530587708075357e-05
962.0,0.0002631693693413,0.000947155,7.311153456027732e-05,0.0002957678182199,0.0004703307393285,0.0001658447580701,-6.852271584772814e-06,2.0530587708075357e-05
964.0,0.0002631693693413,0.000947155,7.311153456027732e-05,0.0002957678182199,0.0004703307393285,0.0001658447580701,-6.852271584772814e-06,2.0530587708075357e-05
966.0,0.0002631693693413,0.000947155,7.311153456027732e-05,0.0002957678182199,0.0004703307393285,0.0001658447580701,-6.852271584772814e-06,2.0530587708075357e-05
968.0,0.0002631693693413,0.000947155,7.311153456027732e-05,0.0002957678182199,0.0004703307393285,0.0001658447580701,-6.852271584772814e-06,2.0530587708075357e-05
970.0,0.0002631693693413,0.000947155,7.311153456027732e-05,0.0002957678182199,0.0004703307393285,0.0001658447580701,-6.852271584772814e-06,2.0530587708075357e-05
972.0,0.0002631693693413,0.000947155,7.311153456027732e-05,0.0002957678182199,0.0004703307393285,0.0001658447580701,-6.852271584772814e-06,2.0530587708075357e-05
974.0,0.0002631693693413,0.000947155,7.311153456027732e-05,0.0002957678182199,0.0004703307393285,0.0001658447580701,-6.852271584772814e-06,2.0530587708075357e-05
976.0,0.0002631693693413,0.000947155,7.311153456027732e-05,0.0002957678182199,0.0004703307393285,0.0001658447580701,-6.852271584772814e-06,2.0530587708075357e-05
978.0,0.0002631693693413,0.000947155,7.311153456027732e-05,0.0002957678182199,0.0004703307393285,0.0001658447580701,-6.852271584772814e-06,2.0530587708075357e-05
980.0,0.0002631693693413,0.000947155,7.311153456027732e-05,0.0002957678182199,0.0004703307393285,0.0001658447580701,-6.852271584772814e-06,2.0530587708075357e-05
982.0,0.0002631693693413,0.000947155,7.311153456027732e-05,0.0002957678182199,0.0004703307393285,0.0001658447580701,-6.852271584772814e-06,2.0530587708075357e-05
984.0,0.0002631693693413,0.000947155,7.311153456027732e-05,0.0002957678182199,0.0004703307393285,0.0001658447580701,-6.852271584772814e-06,2.0530587708075357e-05
986.0,0.0002631693693413,0.000947155,7.311153456027732e-05,0.0002957678182199,0.0004703307393285,0.0001658447580701,-6.852271584772814e-06,2.0530587708075357e-05
988.0,0.0002631693693413,0.000947155,7.311153456027732e-05,0.0002957678182199,0.0004703307393285,0.0001658447580701,-6.852271584772814e-06,2.0530587708075357e-05
990.0,0.0002631693693413,0.000947155,7.311153456027732e-05,0.0002957678182199,0.0004703307393285,0.0001658447580701,-6.852271584772814e-06,2.0530587708075357e-05
992.0,0.0002631693693413,0.000947155,7.311153456027732e-05,0.0002957678182199,0.0004703307393285,0.0001658447580701,-6.852271584772814e-06,2.0530587708075357e-05
994.0,0.0002631693693413,0.000947155,7.311153456027732e-05,0.0002957678182199,0.0004703307393285,0.0001658447580701,-6.852271584772814e-06,2.0530587708075357e-05
996.0,0.0002631693693413,0.000947155,7.311153456027732e-05,0.0002957678182199,0.0004703307393285,0.0001658447580701,-6.852271584772814e-06,2.0530587708075357e-05
998.0,0.0002631693693413,0.000947155,7.311153456027732e-05,0.0002957678182199,0.0004703307393285,0.0001658447580701,-6.852271584772814e-06,2.0530587708075357e-05
1000.0,0.0002631693693413,0.000947155,7.311153456027732e-05,0.0002957678182199,0.0004703307393285,0.0001658447580701,-6.852271584772814e-06,2.0530587708075357e-05
